0.970191357931497,0.6790313695693301,0.8768782191763383,0.3363230052846336,0.5965620749783789,0.09784314048569302,0.4802951208507508,0.20011912067081497,0.4616168306400158,
0.19632982888062214,0.7466538571608214,0.003927556091158104,0.1329743809404752,0.37411974678400733,0.3627200234122335,0.46360334459902847,0.7971554869838695,0.25040034723724736,
0.22310261700695413,0.7832599046226295,0.8473904021473041,0.8535445156775034,0.1339030259566122,0.6504677179958054,0.6764253378823651,0.6890154094492927,0.6005420174239733,
0.17084519195103307,0.6791540538739531,0.47891985793198044,0.14477453907328308,0.6880122178065171,0.7203271476025418,0.8976413466032898,0.8655028210627583,0.05380483291343329,
1.3783334954549564,1.01955026232476,1.0022696227054675,1.3412682711783568,1.3666107634581017,0.7221981648106043,0.8612778684639264,1.0282328148016033,0.935246001032662,
1.1230888014372977,1.2599938750487831,0.6898882436987251,1.1048835826719512,1.0295999956418982,1.4586559063927949,0.5626045947328646,1.3737481922716988,0.8166931723160455,
0.746130110988789,0.43017298021605416,0.07934755813072049,-0.007567388647398794,0.1470732689555007,0.7677756105111012,0.5476535841883622,0.7411187335816766,0.6235762028817947,
-0.09193032798324646,0.1515889756327722,0.5810786527809592,0.13808934069143394,0.4988206924733059,0.09528273434783084,0.7306237818799096,0.7024199590060655,0.3926110893205388,
0.7127750662981107,0.054982060696965505,0.752660793058113,0.19833305162501905,-0.3280983453970147,0.7261386268965321,-0.05690794798573907,-0.004866382560404684,0.03459600817337124,
0.48351733857642193,-0.17211954282158895,-0.008989845739471227,0.09655268186820398,0.7138772610714113,0.5974514751511826,0.19675962398722063,-0.172384763223502,0.7648049628506869,
-0.07665359351495496,-0.052324736755203764,0.37526789337047933,0.4724773379549579,0.6987839564938171,0.09966571959877726,-0.09430833205394704,
0.20051913484447367,0.37597460687060125,0.24284538667045574,-0.07602087436265019,0.3270491443032342,0.07491348001029118,0.3760111150955332,
-0.30044757357153595,0.16200029018909487,-0.1639189509174246,-0.1261723947943186,-0.022524476680492785,0.4041552817858959,0.148152101032863,
0.5093997017411199,0.053384034004768204,0.7624997138124328,-0.034673615581327505,-0.009483511459251361,0.5771960898913313,-0.17008334787013396,
0.28225371349500306,0.38393104802934996,0.31220694287751954,0.017298035282655114,0.21334152466633213,0.47302387288271924,0.1383857736759967,
0.25495360226661656,-0.46164908934781573,0.28236122361731186,0.6083829592066562,-0.22078905309145724,0.25507870200143234,-0.40289960740145936,
0.055700189713706896,-0.5311630108181405,0.4570210042529966,0.4854683065866597,0.1683187288045578,-0.4975224824441645,0.05215405054546288,
-0.06259694989165697,0.2606468587111054,-0.023179654454833266,0.0006829521345030398,0.03638188382500448,0.48699055343920405,0.44010901239318173,
-0.37798923073178803,0.07233196899128279,0.08077614335909668,-0.3684755151349064,0.3920915681959977,0.09238117265555747,0.4163170653450301,
